#t x y z vx vy vz
0.00 -377.81 611.48 -284.58 72.96 -71.98 49.34
0.07 -372.46 606.25 -281.08 74.92 -76.53 52.72
0.14 -367.22 600.88 -277.49 73.47 -75.61 50.52
0.21 -361.78 595.42 -273.97 73.58 -77.74 52.04
0.29 -356.46 589.88 -270.49 71.60 -80.31 50.34
0.36 -351.24 584.12 -266.97 71.91 -82.79 48.54
0.43 -346.10 578.26 -263.58 68.49 -81.81 45.79
0.50 -341.24 572.22 -260.11 66.21 -82.48 44.18
0.57 -336.53 566.19 -256.74 64.88 -82.18 44.38
0.64 -331.96 560.20 -253.48 63.73 -83.97 44.62
0.71 -327.73 554.33 -250.38 57.55 -82.64 43.93
0.79 -323.78 548.49 -247.25 52.32 -80.67 43.81
0.86 -320.20 542.96 -244.36 46.69 -76.42 41.95
0.93 -316.73 537.63 -241.50 45.17 -72.34 40.05
1.00 -313.44 532.56 -238.48 45.77 -70.29 44.41
1.07 -310.33 527.67 -235.11 42.21 -65.22 48.70
1.14 -307.06 522.98 -231.59 45.34 -62.58 49.41
1.21 -303.81 518.47 -227.89 48.41 -63.12 54.84
1.29 -300.38 514.00 -223.89 47.51 -61.28 58.81
1.36 -296.75 509.68 -219.84 52.54 -61.44 59.89
1.43 -292.95 505.26 -215.52 54.78 -62.50 62.60
1.50 -288.91 500.84 -211.07 59.10 -62.86 62.83
1.57 -284.62 496.34 -206.56 60.59 -63.85 63.74
1.64 -280.16 491.73 -201.88 63.81 -65.35 66.20
1.71 -275.57 487.06 -197.14 70.32 -68.40 66.82
1.79 -270.58 482.13 -192.16 73.91 -69.20 68.16
1.86 -265.42 477.29 -187.35 76.92 -71.98 69.46
1.93 -260.03 472.20 -182.23 78.32 -71.01 70.92
2.00 -254.40 467.04 -177.28 79.38 -73.42 71.54
2.07 -248.72 461.66 -172.16 81.66 -77.86 72.44
2.14 -242.67 456.03 -167.03 84.25 -81.30 75.13
2.21 -236.62 450.23 -161.73 85.95 -81.96 73.11
2.29 -230.40 444.29 -156.39 89.38 -83.17 71.00
2.36 -224.03 438.16 -151.07 92.50 -87.59 71.26
2.43 -217.66 431.76 -145.74 89.93 -91.65 71.09
2.50 -211.21 425.16 -140.52 91.57 -94.69 72.94
2.57 -204.70 418.30 -135.19 93.01 -96.41 73.69
2.64 -198.14 411.26 -129.77 91.26 -96.47 73.47
2.71 -191.44 404.23 -124.49 92.94 -98.81 72.98
2.79 -184.65 396.96 -119.01 93.69 -101.65 76.64
2.86 -177.89 389.58 -113.46 96.15 -103.81 77.06
2.93 -170.87 381.94 -107.86 95.44 -105.64 77.32
3.00 -163.84 374.08 -102.19 96.49 -111.18 79.66
3.07 -156.73 365.89 -96.34 97.51 -112.65 82.93
3.14 -149.33 357.43 -90.33 101.22 -118.83 83.56
3.21 -142.04 348.76 -84.26 102.62 -121.80 83.66
3.29 -134.47 339.69 -78.14 106.91 -129.91 87.47
3.36 -126.72 330.08 -71.75 110.64 -136.08 90.20
3.43 -118.77 320.11 -65.38 113.31 -144.93 88.28
3.50 -110.55 309.44 -59.14 118.76 -158.21 87.65
3.57 -102.05 297.80 -52.96 116.70 -169.69 90.42
3.64 -93.46 285.35 -46.89 122.67 -182.82 86.67
3.71 -84.40 271.67 -41.12 124.26 -200.67 82.40
3.79 -75.34 256.38 -35.60 125.55 -228.80 71.69
3.86 -66.45 239.12 -30.97 122.70 -260.22 53.47
3.93 -58.45 219.16 -28.24 96.11 -299.61 13.15
4.00 -53.55 197.81 -29.47 42.25 -285.10 -52.91
4.07 -51.91 179.33 -33.99 13.44 -230.35 -68.99
4.14 -51.18 164.48 -38.68 16.02 -183.84 -59.43
4.21 -50.07 152.12 -42.26 21.37 -157.22 -41.95
4.29 -48.72 141.68 -44.78 22.57 -134.26 -25.40
4.36 -47.25 132.63 -46.19 19.26 -113.46 -13.26
4.43 -45.73 124.97 -47.05 16.83 -98.18 -3.84
4.50 -44.43 118.50 -47.28 18.49 -81.64 0.99
4.57 -43.09 113.07 -47.08 14.86 -66.34 5.23
4.64 -41.97 108.82 -46.67 14.84 -54.34 8.99
4.71 -40.83 105.36 -45.92 14.68 -43.67 14.20
4.79 -39.83 102.80 -45.05 12.81 -32.60 14.88
4.86 -38.73 100.91 -43.92 16.30 -22.21 16.67
4.93 -37.58 99.83 -42.77 16.85 -11.43 17.57
5.00 -36.17 99.41 -41.59 19.29 -3.96 21.74
5.07 -34.73 99.45 -40.00 20.01 5.00 24.42
5.14 -33.15 100.12 -38.24 22.79 13.91 27.87
5.21 -31.29 101.38 -36.20 27.06 19.61 33.61
5.29 -29.42 103.08 -33.76 26.59 28.55 37.55
5.36 -27.23 105.48 -31.10 30.24 37.12 42.05
5.43 -24.99 108.50 -27.99 34.14 48.26 45.79
5.50 -22.46 112.26 -24.63 37.55 55.72 52.08
5.57 -19.75 116.88 -20.72 44.07 70.31 58.79
5.64 -16.62 122.53 -16.35 49.07 87.28 68.39
5.71 -13.02 129.64 -11.33 60.65 110.55 79.98
5.79 -8.30 138.70 -5.09 80.91 147.05 98.86
5.86 -0.53 150.69 3.24 197.07 148.49 134.14
5.93 10.49 156.77 9.18 119.84 20.55 64.14
6.00 17.61 157.88 12.18 50.86 -6.57 39.21
6.07 21.83 156.37 13.98 8.35 -21.28 22.18
6.14 23.79 152.78 15.34 -14.48 -50.89 8.23
6.21 24.15 147.10 16.02 -52.22 -116.07 -21.25
6.29 24.73 141.26 15.97 56.08 0.58 50.12
6.36 27.43 139.78 17.98 36.36 -8.42 50.77
6.43 29.53 138.30 20.04 29.29 -28.01 41.02
6.50 31.24 136.18 21.87 36.78 -35.28 38.26
6.57 32.84 134.27 24.30 37.74 -25.69 49.22
6.64 34.60 132.72 26.94 41.89 -26.81 43.34
6.71 36.99 131.14 29.44 43.02 -27.01 41.87
6.79 39.59 129.53 31.76 38.05 -34.62 29.25
6.86 42.12 127.40 34.04 40.05 -32.42 28.02
6.93 44.60 125.50 36.40 38.25 -33.93 27.09
7.00 47.14 123.24 38.43 40.55 -33.84 27.29
7.07 49.45 120.69 40.23 34.15 -34.80 15.00
7.14 52.07 118.25 42.00 34.54 -30.67 15.08
7.21 54.49 116.18 43.63 33.37 -27.96 14.38
7.29 56.97 114.18 45.28 34.42 -29.56 14.64
7.36 59.66 112.36 46.94 36.23 -25.06 19.02
7.43 62.15 110.68 48.51 34.48 -22.41 19.53
7.50 64.91 109.04 50.09 37.08 -22.63 22.73
7.57 67.52 107.53 51.58 35.66 -22.62 24.97
7.64 70.19 106.14 53.25 34.77 -21.12 20.99
7.71 72.72 104.51 54.70 31.67 -19.76 21.61
7.79 75.40 103.25 56.01 33.49 -16.17 20.09
7.86 78.12 101.99 57.52 32.30 -18.72 20.05
7.93 80.73 100.45 59.07 32.71 -20.67 16.69
8.00 83.38 99.13 60.72 33.97 -18.00 21.20
8.07 85.91 97.81 62.51 34.32 -18.62 22.33
8.14 88.12 96.58 64.33 33.06 -16.55 24.57
8.21 90.46 95.41 66.13 34.54 -15.78 26.00
8.29 92.74 94.12 68.19 35.63 -20.86 31.13
8.36 95.04 92.67 70.34 36.95 -20.30 35.60
8.43 97.41 91.16 72.27 37.46 -24.07 32.45
8.50 99.82 89.38 74.31 34.48 -28.37 32.65
8.57 102.48 87.41 76.40 35.92 -28.43 29.92
8.64 105.04 85.37 78.18 33.58 -33.59 23.45
8.71 107.56 83.18 80.00 29.51 -31.36 25.20
8.79 109.78 81.32 81.95 32.63 -28.11 23.32
8.86 112.24 79.29 83.68 32.00 -29.25 20.88
8.93 114.28 77.31 85.32 31.89 -27.34 21.92
9.00 116.45 75.35 87.06 32.25 -26.12 19.74
9.07 118.50 73.34 88.61 29.25 -24.50 21.68
9.14 120.55 71.39 90.33 30.60 -25.15 21.16
9.21 122.54 69.40 91.91 29.45 -25.16 18.72
9.29 124.44 67.29 93.28 31.39 -26.39 19.62
9.36 126.46 65.45 94.69 31.17 -26.44 21.89
9.43 128.44 63.66 96.08 27.18 -25.39 21.70
9.50 130.38 62.20 97.40 24.89 -20.83 19.93
9.57 132.29 60.76 98.88 25.19 -14.66 22.32
9.64 134.43 59.78 100.39 29.03 -13.32 23.11
9.71 136.67 58.73 102.18 31.61 -13.28 23.71
9.79 139.06 57.84 104.13 33.06 -14.51 25.26
9.86 141.67 56.98 106.27 33.91 -18.71 25.54
9.93 144.04 55.81 108.24 32.74 -20.23 30.18
10.00 146.48 54.82 110.55 36.62 -20.53 31.42
10.07 148.97 53.50 112.68 33.37 -19.28 31.90
10.14 151.47 52.23 114.82 31.23 -18.14 33.27
10.21 154.09 50.97 116.80 34.19 -19.17 30.46
10.29 156.72 49.40 118.95 34.42 -19.59 29.34
10.36 159.48 47.80 121.19 36.33 -19.92 28.12
10.43 162.14 46.03 123.13 34.85 -24.98 27.98
10.50 164.81 44.09 125.49 33.20 -31.75 25.65
10.57 167.00 42.04 127.52 31.99 -31.10 19.57
10.64 169.31 40.07 129.24 28.81 -29.89 19.34
10.71 171.18 38.14 130.81 31.27 -26.00 17.16
10.79 173.15 36.41 132.19 26.77 -22.22 19.91
10.86 174.73 34.60 133.58 28.29 -18.71 19.03
10.93 176.31 32.98 134.83 27.81 -16.86 21.46
11.00 178.11 31.62 136.13 30.20 -15.57 24.73
11.07 179.95 30.34 137.62 31.91 -16.84 26.60
11.14 181.82 28.89 139.15 29.81 -20.11 27.68
11.21 183.93 27.46 140.69 29.18 -18.63 29.45
11.29 186.17 26.27 142.40 29.21 -17.74 27.12
11.36 188.46 25.07 144.10 30.57 -20.37 27.85
11.43 190.84 23.63 145.85 31.76 -22.64 27.21
